p1: 0.11619915121635865
p2: 0.28302020148096263
p3: 0.1753896894766997
p4: 0.2267340721074928
p5: 0.22421579984311782
p6: 0.13687126961304666
p7: 0.1377716320634464
p8: 0.09765989532516829
p9: 0.18417069686906437
p10: 0.12476661134809809
p11: 0.14480356525460072
p12: 0.20923987671042316
p13: 0.0522471799524159
p14: 0.15870796585914307
p15: 0.14914632708344489
p16: 0.1267988786126152
p17: 0.11835447523963896
p18: 0.20658312964244566
p19: 0.1642131328057943
p20: 0.15577864522478924